Unknown 0.125
0 0.125
E5 0.125
0 0.125
D#5 0.125
0 0.125
E5 0.125
0 0.125
D#5 0.125
0 0.125
E5 0.250
0 0.125
B4 0.125
0 0.125
D5 0.125
0 0.125
C5 0.250
0 0.125
A4 0.500
0 0.250
C4 0.125
0 0.125
E4 0.125
0 0.125
A4 0.250
0 0.125
B4 0.500
0 0.250
E4 0.125
0 0.125
G#4 0.125
0 0.125
B4 0.250
0 0.125
C5 0.500
0 0.250
E5 0.125
0 0.125
D#5 0.125
0 0.125
E5 0.125
0 0.125
D#5 0.125
0 0.125
E5 0.250
0 0.125
B4 0.125
0 0.125
D5 0.125
0 0.125
C5 0.250
0 0.125
A4 0.500
0 0.250
C4 0.125
0 0.125
E4 0.125
0 0.125
A4 0.250
0 0.125
B4 0.250
0 0.125
E4 0.125
0 0.125
C5 0.125
0 0.125
B4 0.250
0 0.125
A4 0.500
0 0.000