0 0.083
0 0.083
C5 0.083
0 0.083
A3 0.083
0 0.083
A4 0.083
0 0.083
A#3 0.083
0 0.083
A#4 0.083
0 0.083
0 0.166
0 0.166
0 0.333
0 0.333
C4 0.083
0 0.083
C5 0.083
0 0.083
A3 0.083
0 0.083
A4 0.083
0 0.083
A#3 0.083
0 0.083
A#4 0.083
0 0.083
0 0.166
0 0.166
0 0.333
0 0.333
F3 0.083
0 0.083
F4 0.083
0 0.083
D3 0.083
0 0.083
D4 0.083
0 0.083
D#3 0.083
0 0.083
D#4 0.083
0 0.083
0 0.166
0 0.166
0 0.333
0 0.333
F3 0.083
0 0.083
F4 0.083
0 0.083
D3 0.083
0 0.083
D4 0.083
0 0.083
D#3 0.083
0 0.083
D#4 0.083
0 0.083
0 0.166
0 0.166
0 0.166
0 0.166
D#4 0.055
0 0.055
C#4 0.055
0 0.055
D4 0.055
0 0.055
C#4 0.166
0 0.166
D#4 0.166
0 0.166
D#4 0.166
0 0.166
G#3 0.166
0 0.166
G3 0.166
0 0.166
C#4 0.166
0 0.166
C4 0.055
0 0.055
F#4 0.055
0 0.055
F4 0.055
0 0.055
E3 0.055
0 0.055
A#4 0.055
0 0.055
A4 0.055
0 0.055
G#4 0.100
0 0.100
D#4 0.100
0 0.100
B3 0.100
0 0.100
A#3 0.100
0 0.100
A3 0.100
0 0.100
G#3 0.100
0 0.100
0 0.333
0 0.333
0 0.333
0 0.333
0 0.333
0 0.333
0 0.000